 1948 01 5551·7
 1948 02 650.2
 1948 03 3843·3
 1948 04 1745.4
 1948 05 3349.5
 1948 06 7653.0
 1948 07 4148·4
 1948 08 5045.1
 1948 09 842·1
 1948 10 7747·2
 1948 11 7642.4
 1948 12 1335·0
 1949 01  3232·9
 1949 02  8831.3
 1949 03  5634·5
 1949 04  5035·5
 1949 05  7832·6
 1949 06  1831.6
 1949 07  2039.0
 1949 08  3147·0
 1949 09  4952·3
 1949 10  9751·0
 1949 11  2951·0
 1949 12  4857.3
 1950 01 6859·1
 1950 02 8360·5
 1950 03 7162·1
 1950 04 2268·1
 1950 05 8774.7
 1950 06 5676.6
 1950 07 6077·5
 1950 08 9775·8
 1950 09 8168.1
 1950 10 2459.2
 1950 11 3463.1
 1950 12 4167·1
 1951 01  5067.8
 1951 02  1969·3
 1951 03  5565.5
 1951 04  4953.5
 1951 05  2050·7
 1951 06  9645.5
 1951 07  1242·1
 1951 08  4143·6
 1951 09  4248.1
 1951 10  3749·6
 1951 11  1747·2
 1951 12  5946·5
 1952 01 8944.7
 1952 02 5041·8
 1952 03 740.0
 1952 04 7436·7
 1952 05 6439.5
 1952 06 6643·3
 1952 07 4748.3
 1952 08 7960.4
 1952 09 9056.1
 1952 10 4056.2
 1952 11 2356·8
 1952 12 9455·8
 1953 01  2059.4
 1953 02  5655·4
 1953 03  5050·5
 1953 04  6351·1
 1953 05  2748·9
 1953 06  2048.5
 1953 07  6446·3
 1953 08  5443.5
 1953 09  1340.2
 1953 10  6337.4
 1953 11  2836.9
 1953 12  6335·6
 1954 01 337·4
 1954 02 4240.7
 1954 03 3144·7
 1954 04 847.7
 1954 05 4750·1
 1954 06 3852.1
 1954 07 8551.7
 1954 08 3354.4
 1954 09 2153·5
 1954 10 5958·2
 1954 11 2858.8
 1954 12 763.8
 1955 01  2563.0
 1955 02  3667·8
 1955 03  2467.5
 1955 04  2568.7
 1955 05  8469·5
 1955 06  2563·3
 1955 07  5966.2
 1955 08  664·8
 1955 09  4862.4
 1955 10  863.7
 1955 11  4762·0
 1955 12  9365.6
 1956 01 9560.2
 1956 02 9258·2
 1956 03 2657·2
 1956 04 5755·9
 1956 05 2251·2
 1956 06 947·7
 1956 07 5944·2
 1956 08 9151.5
 1956 09 5755.5
 1956 10 1552·7
 1956 11 3355.0
 1956 12 1452·7
 1957 01  4953.6
 1957 02  9151.0
 1957 03  6147.5
 1957 04  7043.1
 1957 05  7343·4
 1957 06  4545.9
 1957 07  8245·7
 1957 08  2945.3
 1957 09  3145·8
 1957 10  841.1
 1957 11  5840·4
 1957 12  8536·8
 1958 01 4733.4
 1958 02 3637.2
 1958 03 7839·8
 1958 04 5739·1
 1958 05 7346·6
 1958 06 1251·4
 1958 07 5354·7
 1958 08 8857·3
 1958 09 8259·8
 1958 10 4262·3
 1958 11 2262.7
 1958 12 4960.5
 1959 01  7764·4
 1959 02  5766.9
 1959 03  4867.1
 1959 04  3366.9
 1959 05  8168·2
 1959 06  1564·4
 1959 07  1861·5
 1959 08  6055.1
 1959 09  4648.3
 1959 10  9649.7
 1959 11  4650·6
 1959 12  7358.2
 1960 01 4661·5
 1960 02 852.3
 1960 03 7047.8
 1960 04 4145.3
 1960 05 8342·6
 1960 06 8244.4
 1960 07 5143·7
 1960 08 6047·6
 1960 09 8245·4
 1960 10 7546·0
 1960 11 7944·3
 1960 12 4744·3
 1961 01  9343·9
 1961 02  6843.6
 1961 03  6649.1
 1961 04  4857·6
 1961 05  9158.9
 1961 06  6858.1
 1961 07  5158·2
 1961 08  3160·7
 1961 09  7763.0
 1961 10  762.2
 1961 11  9559·0
 1961 12  9064.2
 1962 01 7660·9
 1962 02 4261·1
 1962 03 8660.6
 1962 04 4555.1
 1962 05 3952.2
 1962 06 5350.8
 1962 07 3951·0
 1962 08 3949.5
 1962 09 4050.0
 1962 10 4851·2
 1962 11 9053·8
 1962 12 4357·2
 1963 01  8155·2
 1963 02  5855·1
 1963 03  354.7
 1963 04  4957·6
 1963 05  8759.8
 1963 06  4058·2
 1963 07  6455·5
 1963 08  7755.1
 1963 09  856·9
 1963 10  7657.7
 1963 11  8957.5
 1963 12  7254·0
 1964 01 2057·1
 1964 02 7257·9
 1964 03 1360.2
 1964 04 259·2
 1964 05 2258.7
 1964 06 5960.1
 1964 07 062.9
 1964 08 6163·3
 1964 09 4163·3
 1964 10 9560·7
 1964 11 3861.8
 1964 12 7062·4
 1965 01  2761·0
 1965 02  6262.1
 1965 03  4064.9
 1965 04  7162·0
 1965 05  5561·3
 1965 06  6558.7
 1965 07  4458·1
 1965 08  3358·1
 1965 09  2561.0
 1965 10  3658.6
 1965 11  1259.4
 1965 12  5262·8
 1966 01 6365.8
 1966 02 3365.5
 1966 03 3365.7
 1966 04 4764.2
 1966 05 2057.7
 1966 06 3659.0
 1966 07 1960.3
 1966 08 6058.5
 1966 09 7058·7
 1966 10 5257.2
 1966 11 853·7
 1966 12 6252.4
 1967 01  1449.1
 1967 02  1347·6
 1967 03  6445·3
 1967 04  4742.8
 1967 05  7844.5
 1967 06  7646.8
 1967 07  7349·5
 1967 08  3452·2
 1967 09  1154·9
 1967 10  2254·1
 1967 11  4954·2
 1967 12  6655.6
 1968 01 9056·6
 1968 02 5855.0
 1968 03 3153·8
 1968 04 1458·0
 1968 05 1455.3
 1968 06 1653.5
 1968 07 8054·1
 1968 08 7052·7
 1968 09 1051.8
 1968 10 5255.8
 1968 11 8458·1
 1968 12 5656·1
 1969 01  2754.9
 1969 02  4757·0
 1969 03  5757.1
 1969 04  1355·2
 1969 05  4056.7
 1969 06  955·5
 1969 07  3753.1
 1969 08  1254·8
 1969 09  5154.1
 1969 10  6954·6
 1969 11  8553·2
 1969 12  4752·0
 1970 01 8548·7
 1970 02 8447.4
 1970 03 9146.9
 1970 04 3745.0
 1970 05 9147.2
 1970 06 3551.1
 1970 07 6749.5
 1970 08 2647.3
 1970 09 4644.1
 1970 10 2942·4
 1970 11 5139.7
 1970 12 8345·4
 1971 01  4947.9
 1971 02  9854·8
 1971 03  551·2
 1971 04  354·5
 1971 05  2754.2
 1971 06  9853.8
 1971 07  1954·4
 1971 08  453·6
 1971 09  2955.1
 1971 10  1155.0
 1971 11  452.3
 1971 12  3057.6
 1972 01 3259.6
 1972 02 4360·6
 1972 03 9859.8
 1972 04 5259·3
 1972 05 3461·4
 1972 06 2758.6
 1972 07 6560.1
 1972 08 6261·7
 1972 09 6265·1
 1972 10 1967·0
 1972 11 9269·9
 1972 12 8070.5
 1973 01  6772·1
 1973 02  069.6
 1973 03  9369.6
 1973 04  5167.7
 1973 05  2364·8
 1973 06  7765·0
 1973 07  457.8
 1973 08  4262·7
 1973 09  3063·5
 1973 10  8266.2
 1973 11  8968.1
 1973 12  5063·6
 1974 01 1562.1
 1974 02 7158·6
 1974 03 3761·8
 1974 04 9259.9
 1974 05 2855·7
 1974 06 2754·7
 1974 07 5954·8
 1974 08 1252.9
 1974 09 4446·2
 1974 10 5542.7
 1974 11 9337·9
 1974 12 8130.9
 1975 01  6330.7
 1975 02  8734·4
 1975 03  331.6
 1975 04  9137.5
 1975 05  1141·2
 1975 06  8045.1
 1975 07  7747.2
 1975 08  6351·4
 1975 09  3854·4
 1975 10  1655.5
 1975 11  2754·5
 1975 12  4054·9
 1976 01 2058.8
 1976 02 261.5
 1976 03 9158·4
 1976 04 9160·6
 1976 05 5758·8
 1976 06 6858.2
 1976 07 3255·9
 1976 08 1154.5
 1976 09 7453·6
 1976 10 7153·5
 1976 11 3851.7
 1976 12 1956·6
 1977 01  2254·8
 1977 02  9455.0
 1977 03  2258·4
 1977 04  5856.9
 1977 05  7659.7
 1977 06  4356·8
 1977 07  2157·7
 1977 08  9954.9
 1977 09  3753.9
 1977 10  4955·4
 1977 11  056.1
 1977 12  3559.8
 1978 01 3057·4
 1978 02 6955·9
 1978 03 4455·0
 1978 04 8557·7
 1978 05 560.2
 1978 06 8560.5
 1978 07 6962.2
 1978 08 9360·3
 1978 09 3860·5
 1978 10 360.1
 1978 11 1061.3
 1978 12 2959·4
 1979 01  2958·5
 1979 02  5558·2
 1979 03  3257.7
 1979 04  8756·2
 1979 05  354·4
 1979 06  9852.7
 1979 07  2251.3
 1979 08  8549.5
 1979 09  1249.6
 1979 10  1449.0
 1979 11  9348.0
 1979 12  6944·8
 1980 01 3046.2
 1980 02 850.2
 1980 03 8343·6
 1980 04 737.4
 1980 05 5729·4
 1980 06 1330·3
 1980 07 5435.0
 1980 08 9345.5
 1980 09 2050·1
 1980 10 8555.5
 1980 11 9558.2
 1980 12 4653·0
 1981 01  6849·2
 1981 02  548.8
 1981 03  1949·6
 1981 04  1151·6
 1981 05  7753·5
 1981 06  8250.7
 1981 07  6346.7
 1981 08  5748·3
 1981 09  4742·5
 1981 10  4540.0
 1981 11  9136·1
 1981 12  7737.8
 1982 01 438.2
 1982 02 5238·3
 1982 03 8936.8
 1982 04 9237.8
 1982 05 9835·5
 1982 06 8538.3
 1982 07 7238.4
 1982 08 4438.3
 1982 09 438·8
 1982 10 5039·4
 1982 11 7739·2
 1982 12 442·8
 1983 01  2346·0
 1983 02  7854.4
 1983 03  6753·9
 1983 04  6554·2
 1983 05  8056·1
 1983 06  2757·5
 1983 07  2963.6
 1983 08  4763·1
 1983 09  2662.5
 1983 10  7864·4
 1983 11  7866.0
 1983 12  9369·9
 1984 01 3660.5
 1984 02 3761·3
 1984 03 4958·9
 1984 04 7461.0
 1984 05 1058·6
 1984 06 3758.1
 1984 07 856.1
 1984 08 8253.0
 1984 09 7550·0
 1984 10 3350·8
 1984 11 4050·3
 1984 12 3750.6
 1985 01  7950·3
 1985 02  949·9
 1985 03  6047·8
 1985 04  8448·2
 1985 05  9947·1
 1985 06  6947·8
 1985 07  547.9
 1985 08  9147·7
 1985 09  3449·9
 1985 10  4650.9
 1985 11  3852.0
 1985 12  5250·7
 1986 01 1151.2
 1986 02 9751·0
 1986 03 4751.0
 1986 04 8749·7
 1986 05 8053.4
 1986 06 250.5
 1986 07 4448.0
 1986 08 4052·6
 1986 09 1652.4
 1986 10 7051·2
 1986 11 6951·2
 1986 12 8050.5
 1987 01  2054.9
 1987 02  3052·6
 1987 03  8355·0
 1987 04  155.5
 1987 05  1657.2
 1987 06  4157·4
 1987 07  7457.5
 1987 08  2259.3
 1987 09  5660.0
 1987 10  8460·7
 1987 11  5658.8
 1987 12  8861·0
 1988 01 1457.5
 1988 02 6556.2
 1988 03 6654·6
 1988 04 6755·8
 1988 05 9255.5
 1988 06 1659·3
 1988 07 6758·2
 1988 08 5356·0
 1988 09 1354·5
 1988 10 9355·4
 1988 11 4755·6
 1988 12 6756·0
 1989 01  3054.7
 1989 02  7954·1
 1989 03  1951·5
 1989 04  5152.2
 1989 05  1749·3
 1989 06  7947.3
 1989 07  2145·9
 1989 08  7645·1
 1989 09  7546.0
 1989 10  2646.8
 1989 11  1646.8
 1989 12  3547·4
 1990 01 2847.2
 1990 02 7649.1
 1990 03 9149.9
 1990 04 4750.0
 1990 05 2849·5
 1990 06 1149.2
 1990 07 6046.6
 1990 08 5646.1
 1990 09 5044·5
 1990 10 3843.2
 1990 11 6041·3
 1990 12 3240·8
 1991 01  9439·2
 1991 02  8739.4
 1991 03  5440.7
 1991 04  6942.8
 1991 05  8644.5
 1991 06  1650.3
 1991 07  3150·6
 1991 08  8652·9
 1991 09  7654.9
 1991 10  753·1
 1991 11  249.5
 1991 12  2746·8
 1992 01 3947.3
 1992 02 6552.7
 1992 03 754·6
 1992 04 6152·6
 1992 05 7555·7
 1992 06 2453·6
 1992 07 753·9
 1992 08 8353.4
 1992 09 1149·7
 1992 10 3850·3
 1992 11 9153.6
 1992 12 1054.2
 1993 01  9755·8
 1993 02  9055.2
 1993 03  7253·5
 1993 04  8950.2
 1993 05  751.2
 1993 06  8749.6
 1993 07  8750·2
 1993 08  8750·7
 1993 09  4350.8
 1993 10  6153.4
 1993 11  053.8
 1993 12  055·6
 1994 01 2956·0
 1994 02 6756·5
 1994 03 9856·9
 1994 04 4557·4
 1994 05 1758·2
 1994 06 8758·8
 1994 07 9458·5
 1994 08 6758.0
 1994 09 8159.0
 1994 10 2959.4
 1994 11 2659.2
 1994 12 3656.1
 1995 01  2257·4
 1995 02  2355·1
 1995 03  5752.1
 1995 04  4551·5
 1995 05  6546·7
 1995 06  2745·9
 1995 07  7550·7
 1995 08  1447.1
 1995 09  6148.1
 1995 10  2246·7
 1995 11  9345.9
 1995 12  8646.2
 1996 01 8545·5
 1996 02 1445.9
 1996 03 4846·9
 1996 04 3249·3
 1996 05 3749·1
 1996 06 3653.6
 1996 07 449.7
 1996 08 4451·6
 1996 09 4351.1
 1996 10 4450·5
 1996 11 4853.0
 1996 12 4355·2
 1997 01  5453.8
 1997 02  1953·1
 1997 03  9353·8
 1997 04  7253.7
 1997 05  4456·1
 1997 06  6954·9
 1997 07  7857·7
 1997 08  056.3
 1997 09  1453·9
 1997 10  2556·4
 1997 11  6555·7
 1997 12  2254.5
 1998 01 8953·8
 1998 02 4352·9
 1998 03 4252.9
 1998 04 5752·2
 1998 05 2150·9
 1998 06 548·9
 1998 07 2149·2
 1998 08 4849·3
 1998 09 8348.7
 1998 10 1848.7
 1998 11 4248.2
 1998 12 6646·8
 1999 01  7750·6
 1999 02  1451.7
 1999 03  6652.4
 1999 04  352·3
 1999 05  2854.3
 1999 06  4855·8
 1999 07  8153·6
 1999 08  8054.8
 1999 09  8657·0
 1999 10  357.2
 1999 11  158.1
 1999 12  4157·8
 2000 01 2856·7
 2000 02 8655.8
 2000 03 6354·9
 2000 04 5454·7
 2000 05 5253.2
 2000 06 2851·4
 2000 07 3152·5
 2000 08 1349·9
 2000 09 8449·7
 2000 10 8548·7
 2000 11 9148.5
 2000 12 3943·9
 2001 01  7642·3
 2001 02  4042.1
 2001 03  5843.1
 2001 04  7542·7
 2001 05  241·3
 2001 06  9943·2
 2001 07  6943.5
 2001 08  8946.3
 2001 09  6346·2
 2001 10  9340.8
 2001 11  8644·1
 2001 12  7745.3
 2002 01 8447.5
 2002 02 7950.7
 2002 03 9852·4
 2002 04 5752.4
 2002 05 1553.1
 2002 06 4053·6
 2002 07 1750·2
 2002 08 7450·3
 2002 09 3250·5
 2002 10 8049·0
 2002 11 8248·5
 2002 12 9751.6
 2003 01  3551.3
 2003 02  3348.8
 2003 03  5546.3
 2003 04  1946·1
 2003 05  5049.0
 2003 06  5549·0
 2003 07  2551·0
 2003 08  6153.2
 2003 09  2752.4
 2003 10  2755.2
 2003 11  358·4
 2003 12  6560.1
 2004 01 4260·8
 2004 02 5659·9
 2004 03 2960.6
 2004 04 260.6
 2004 05 9461.4
 2004 06 7460.5
 2004 07 6459·9
 2004 08 6558·5
 2004 09 1057.4
 2004 10 3756·3
 2004 11 9756·2
 2004 12 7457·2
 2005 01  3956·8
 2005 02  2855.5
 2005 03  4155·2
 2005 04  7252·2
 2005 05  5750·8
 2005 06  5252.4
 2005 07  3452.8
 2005 08  2952·4
 2005 09  6456·8
 2005 10  4157·2
 2005 11  3856.7
 2005 12  4055.1
 2006 01 8755.0
 2006 02 5255.8
 2006 03 4154.3
 2006 04 2255.2
 2006 05 7453.7
 2006 06 6652·0
 2006 07 5653.0
 2006 08 2053·7
 2006 09 252·2
 2006 10 9151·4
 2006 11 2250.3
 2006 12 451.4
 2007 01  7149.5
 2007 02  5751.9
 2007 03  150.7
 2007 04  6852·6
 2007 05  752.5
 2007 06  2352.6
 2007 07  8052.4
 2007 08  3050·9
 2007 09  5951.0
 2007 10  6851.1
 2007 11  7450·5
 2007 12  3549.0
 2008 01 350·3
 2008 02 047·6
 2008 03 1948·3
 2008 04 5248·8
 2008 05 3948·8
 2008 06 5049·8
 2008 07 7850·0
 2008 08 7449.2
 2008 09 9444·8
 2008 10 7538.9
 2008 11 4036.5
 2008 12 2333·1
 2009 01  1734.9
 2009 02  5735·5
 2009 03  1836·0
 2009 04  4039.5
 2009 05  8341.7
 2009 06  245·8
 2009 07  4949·9
 2009 08  9653·5
 2009 09  9454·4
 2009 10  4356.0
 2009 11  9554.4
 2009 12  8555.3
 2010 01 7457.2
 2010 02 3555·8
 2010 03 4658·8
 2010 04 2558.1
 2010 05 7458·3
 2010 06 6056.4
 2010 07 1456.4
 2010 08 6258.0
 2010 09 6956.3
 2010 10 2557.7
 2010 11 3757.6
 2010 12 6357.5
 2011 01  6059.0
 2011 02  6159.3
 2011 03  7759·1
 2011 04  2458·9
 2011 05  7253.7
 2011 06  2656·6
 2011 07  2352.9
 2011 08  6353·0
 2011 09  5552·8
 2011 10  051.8
 2011 11  8852.1
 2011 12  2453.1
 2012 01 8552.8
 2012 02 9152·4
 2012 03 853.0
 2012 04 7753·7
 2012 05 6253·2
 2012 06 3051.0
 2012 07 4850·6
 2012 08 1651·1
 2012 09 1252·2
 2012 10 7451.2
 2012 11 9649·5
 2012 12 6050.4
 2013 01  8552.3
 2013 02  453.1
 2013 03  6351.5
 2013 04  5350·0
 2013 05  5650·0
 2013 06  2752·5
 2013 07  8854.9
 2013 08  6456.3
 2013 09  2656.0
 2013 10  7456.6
 2013 11  3457.0
 2013 12  8756.5
 2014 01 2051·3
 2014 02 353.2
 2014 03 8953·7